498
504
499
499
499
496
497
504
500
497
500
505
510
502
512
514
509
517
511
512
513
516
511
517
509
510
507
509
505
500
503
503
501
500
499
497
500
495
486
474
473
478
497
534
588
619
582
531
487
469
461
468
476
485
497
497
496
500
504
495
495
496
502
505
501
508
500
507
508
506
517
515
515
521
521
531
532
535
536
536
531
538
533
528
531
527
524
525
519
513
514
509
505
503
503
499
503
502
497
498
500
504
504
498
502
501
500
499
497
504
495
500
504
496
497
502
499
503
497
496
501
500
503
500
502
495
504
497
500
496
496
497
501
496
499
498
503
496
501
504
495
498
495
498
502
503
499
504
499
504
499
502
497
495
502
499
495
495
498
499
498
503
496
502
503
497
500
503
503
499
503
501
501
502
502
502
499
507
506
502
511
511
513
507
513
514
516
516
514
516
516
506
510
505
501
501
500
499
498
498
503
498
501
497
493
479
473
474
481
506
550
606
609
569
512
477
462
462
469
474
485
491
495
502
497
501
495
498
501
505
504
503
501
501
504
510
512
517
520
514
518
526
528
527
535
531
530
534
536
530
533
528
530
523
515
521
516
516
512
510
501
504
500
501
502
502
505
498
496
505
499
498
500
501
499
500
504
499
498
499
496
497
504
500
497
499
497
502
504
502
503
501
500
497
502
495
497
495
503
504
501
502
500
504
499
500
502
500
499
496
501
495
495
500
503
500
504
496
497
495
501
500
497
497
498
502
503
502
502
503
497
498
496
499
496
499
499
496
502
501
500
500
499
501
500
502
501
504
513
512
508
515
510
519
516
514
509
511
513
513
510
505
503
501
499
502
497
496
503
496
492
481
479
476
481
489
517
573
611
598
553
496
468
465
461
472
478
487
493
502
496
504
502
502
496
497
502
506
505
502
502
507
508
507
513
514
519
522
529
532
529
533
534
531
532
532
527
526
531
526
522
520
521
512
509
511
508
507
503
499
500
501
503
499
504
505
501
501
502
496
498
502
504
501
499
504
503
500
497
500
500
501
498
497
495
498
503
503
503
498
501
501
501
496
495
501
500
502
499
501
499
504
496
503
503
497
495
502
496
502
502
504
498
501
504
496
498
504
503
501
500
497
497
503
498
499
500
495
499
498
499
501
495
504
497
504
496
500
506
500
503
508
506
502
507
514
506
508
518
519
517
518
515
517
507
509
508
506
506
508
498
501
500
498
497
496
500
488
485
478
472
476
501
538
589
620
584
525
486
465
462
461
479
487
495
492
502
497
498
498
495
497
497
506
506
503
503
502
510
509
514
515
516
516
528
527
529
527
532
532
535
538
537
535
531
529
525
522
519
514
512
509
507
505
503
503
501
501
499
504
504
495
504
499
500
496
504
502
500
498
501
501
499
497
503
495
503
497
496
498
495
496
496
503
501
497
496
497
497
499
495
501
497
496
500
500
497
495
503
502
495
501
499
499
495
503
503
504
504
504
495
501
499
503
496
502
501
504
503
497
500
503
495
496
495
496
504
502
503
502
504
498
496
501
501
504
500
506
501
506
511
513
513
513
517
510
512
516
515
510
514
512
506
510
508
506
508
503
498
499
505
502
495
496
486
479
474
473
483
510
556
601
612
570
510
481
467
456
467
481
490
496
500
498
503
499
502
502
505
504
506
505
505
503
507
513
513
514
518
523
524
525
531
528
530
533
537
534
531
533
535
533
523
526
518
514
510
507
511
508
501
506
500
501
503
503
499
500
499
500
503
499
497
498
504
498
495
497
500
495
500
504
497
497
496
497
499
504
500
504
504
496
499
503
503
496
504
497
503
500
504
498
501
504
498
497
503
496
502
502
499
499
496
499
502
498
496
500
501
497
503
503
498
504
500
504
498
495
498
500
504
502
501
503
504
503
498
499
495
503
501
497
504
500
501
500
507
511
505
511
514
515
516
516
513
510
515
514
511
511
502
506
503
504
499
497
506
502
500
494
493
485
483
472
481
492
521
572
614
604
549
494
470
459
463
471
479
493
499
501
501
495
499
501
501
497
499
501
499
506
505
506
511
514
517
521
516
520
530
533
531
533
535
537
534
534
532
525
531
525
524
520
515
513
508
506
503
507
505
507
500
498
497
495
500
499
502
499
501
499
504
503
503
497
504
501
499
496
503
500
498
495
504
501
501
499
496
502
502
497
502
501
504
499
500
502
501
501
504
503
496
498
495
499
499
497
498
496
497
503
501
503
499
498
499
502
501
503
497
504
501
502
502
503
504
496
496
499
501
497
499
496
501
501
497
498
502
503
506
505
504
506
503
506
510
514
507
515
514
515
518
515
514
508
515
507
507
503
503
502
500
500
503
502
498
499
496
494
481
481
474
479
496
531
588
616
582
534
486
471
462
465
473
487
488
499
501
498
504
498
501
505
499
500
502
502
502
502
511
509
511
516
522
524
528
526
528
530
535
535
531
534
537
534
527
531
520
519
514
514
510
505
504
510
504
506
498
499
504
500
504
498
503
497
500
500
504
498
503
496
503
497
495
501
502
503
496
501
498
504
503
504
496
503
499
504
495
497
497
500
500
504
504
498
496
498
496
495
498
495
499
496
499
501
500
499
501
500
503
502
495
501
495
502
499
500
503
498
499
499
504
497
496
495
500
495
504
499
496
497
500
505
496
497
502
502
504
504
503
502
507
508
506
512
512
512
516
513
515
518
510
511
506
504
511
508
508
500
504
505
503
497
502
496
490
479
474
472
479
502
555
605
607
563
513
479
458
460
466
477
488
498
501
495
495
495
496
500
503
503
499
506
502
506
511
511
515
510
513
521
526
529
526
533
533
534
531
530
533
534
530
525
525
520
518
513
516
514
507
503
502
503
501
506
505
497
496
495
500
501
501
504
504
502
500
498
500
496
502
496
500
502
499
499
496
497
496
503
504
495
498
504
496
498
498
501
501
498
504
503
496
498
504
501
503
501
498
498
495
495
497
500
498
502
497
504
497
496
504
496
502
496
499
504
502
500
499
504
500
503
498
497
495
502
499
495
501
500
496
499
498
505
500
499
507
503
502
507
512
507
516
513
515
518
517
514
510
513
508
505
509
502
503
504
501
503
498
496
504
497
497
489
478
478
477
489
518
567
609
602
545
501
467
460
466
469
478
495
499
503
501
498
503
505
500
505
501
497
504
503
501
510
512
513
516
514
515
521
525
526
529
537
529
538
533
534
534
528
532
527
520
515
515
518
506
507
505
504
503
503
500
502
496
498
502
495
497
499
497
497
504
499
503
496
497
500
497
501
500
497
497
502
502
504
501
504
498
495
495
495
500
501
502
496
497
496
495
501
498
496
499
500
497
500
498
502
497
499
499
502
503
504
499
498
504
498
499
499
502
504
504
501
498
497
500
502
500
502
495
495
504
495
502
503
503
500
504
497
497
502
501
506
501
511
508
510
507
510
510
511
516
509
517
508
507
508
510
505
508
499
498
500
503
502
499
498
499
489
484
474
477
475
499
537
591
617
588
530
491
464
459
467
475
483
488
493
497
502
504
498
497
501
501
505
498
502
503
506
505
513
511
519
518
522
522
522
533
529
530
529
534
533
537
535
529
531
521
518
513
516
513
512
507
504
503
499
500
506
497
499
496
497
499
504
499
501
503
504
498
501
501
503
497
497
496
502
501
501
499
500
500
503
498
503
504
504
498
499
498
498
501
498
496
501
500
501
501
503
495
499
497
500
502
497
497
495
503
495
503
501
498
498
495
497
501
502
496
503
503
504
501
499
502
500
495
496
503
498
499
495
503
502
498
496
504
497
507
505
509
505
511
507
507
507
511
512
518
510
517
512
510
515
513
504
505
507
506
500
497
499
502
499
495
496
485
481
472
475
488
508
553
607
607
570
516
477
468
461
468
477
489
495
500
503
496
500
497
497
503
500
497
507
508
503
510
511
514
510
521
524
526
527
529
525
529
534
537
536
532
530
535
528
524
519
516
515
516
511
509
509
503
504
501
506
500
503
500
496
497
501
504
497
502
498
499
496
495
496
502
498
500
501
500
502
502
501
498
495
501
496
496
501
498
500
503
500
496
499
502
500
504
503
503
501
504
496
496
498
497
497
504
504
497
504
495
504
497
499
502
498
503
504
504
497
502
496
498
500
495
499
501
504
503
502
495
499
501
503
503
498
496
503
505
498
503
507
508
506
505
516
511
514
513
510
519
516
512
510
510
508
510
507
508
500
501
502
499
501
499
501
490
486
479
479
475
484
521
567
612
605
543
497
467
461
464
468
477
495
497
501
499
499
496
497
499
505
504
503
501
502
506
510
506
515
517
519
523
523
529
529
535
528
529
539
538
531
530
535
524
526
518
520
513
512
512
507
505
501
504
499
505
506
496
498
503
503
504
499
495
497
499
502
502
500
497
498
500
497
504
498
502
498
497
504
504
504
498
496
496
501
495
501
498
499
500
502
503
500
504
496
497
501
501
502
499
499
498
497
504
501
499
504
496
498
503
498
504
498
496
498
497
496
497
497
495
504
495
504
500
500
504
501
498
500
501
504
502
505
504
502
503
500
507
505
506
507
511
513
514
518
518
518
515
512
511
511
512
509
504
505
498
497
505
502
497
498
492
491
484
477
475
477
498
533
593
619
590
526
489
463
455
461
476
486
488
499
503
502
502
503
503
500
498
498
507
503
502
502
506
512
514
517
516
523
523
522
525
536
534
529
530
535
531
531
534
525
526
519
519
510
510
510
511
510
500
499
505
503
504
497
496
504
500
498
503
500
499
504
500
499
503
498
497
499
498
498
497
502
496
499
501
504
504
499
502
503
501
501
501
495
502
496
504
503
497
497
504
498
500
501
500
496
495
501
502
498
498
502
500
498
503
504
503
496
502
503
498
496
500
498
500
496
499
498
495
495
502
499
496
499
503
497
497
500
498
503
498
508
506
502
512
505
513
515
516
514
514
514
512
510
515
506
512
511
507
500
507
504
499
500
505
500
502
491
486
478
477
479
481
502
554
606
610
564
510
474
466
456
467
474
484
500
503
497
503
501
497
500
497
498
503
499
507
506
511
508
512
517
519
519
520
528
526
535
529
533
531
533
533
534
533
528
523
525
520
517
510
516
509
511
503
505
504
504
496
503
502
496
498
498
499
501
497
495
498
497
504
495
496
503
503
500
498
499
499
501
497
495
504
503
495
499
499
501
497
497
497
503
499
501
499
501
496
500
498
502
499
496
496
496
496
502
503
504
495
503
501
501
499
504
500
503
503
497
497
502
502
496
500
497
498
501
504
495
505
497
502
504
500
495
503
500
503
503
502
503
509
507
513
506
512
516
510
513
519
511
513
510
506
513
511
508
508
501
505
503
503
496
501
492
492
486
479
479
477
491
519
566
611
606
549
500
472
465
462
467
480
486
497
503
502
502
499
502
501
505
504
498
507
502
504
507
508
515
509
520
525
524
524
533
530
529
535
534
533
529
533
533
525
522
527
523
519
515
513
506
503
505
503
502
497
500
496
501
503
504
499
496
504
496
498
502
497
498
498
501
497
497
498
496
498
498
500
504
498
497
499
498
501
499
501
496
498
503
500
504
498
496
501
497
497
496
497
496
496
497
499
501
502
498
502
500
497
503
497
496
503
504
502
502
501
495
502
495
500
503
499
499
496
503
497
503
499
503
500
501
505
503
499
506
501
504
503
510
505
514
512
515
513
512
512
518
510
516
508
514
506
502
509
500
500
502
497
505
503
495
497
495
485
476
470
479
499
535
588
619
583
527
483
470
458
463
476
484
490
502
497
502
503
496
500
504
504
499
499
503
508
503
507
506
508
513
518
521
526
531
530
535
537
532
532
538
533
527
529
531
521
518
522
518
510
511
504
502
503
506
497
500
499
499
497
496
495
497
501
496
496
499
499
499
500
504
503
496
496
503
499
502
502
500
504
495
502
502
496
498
501
501
504
497
504
501
503
499
503
501
498
500
497
501
503
503
504
500
499
495
497
502
498
497
497
498
499
495
500
497
500
496
504
501
501
499
503
503
496
497
499
497
502
503
502
501
500
500
496
502
503
507
507
501
511
504
508
510
513
513
510
519
511
518
512
513
512
506
510
509
507
499
503
500
505
504
501
499
492
482
478
475
485
506
548
604
616
568
510
476
466
458
463
480
490
495
499
503
503
497
497
502
496
500
499
504
501
502
506
513
509
508
513
516
526
524
525
533
535
530
535
539
531
533
534
528
527
520
516
513
512
507
513
512
506
503
503
498
502
500
499
501
499
498
495
497
500
504
501
504
499
504
497
495
496
497
504
504
502
500
500
500
498
499
500
495
497
501
498
498
501
500
502
504
501
503
504
503
495
499
501
504
501
502
501
504
500
501
498
497
501
504
499
504
501
497
496
495
500
499
498
503
497
503
501
501
497
503
500
502
497
497
498
501
501
498
497
500
506
506
511
507
505
509
509
512
510
510
517
514
510
509
506
508
506
510
505
501
499
500
497
505
503
500
489
485
479
474
474
491
523
575
611
602
551
499
466
458
466
472
477
487
499
496
501
504
496
500
500
496
500
499
506
506
506
506
512
512
510
515
522
525
528
527
532
531
534
533
532
531
527
528
524
522
525
521
514
516
514
513
508
505
500
507
499
499
505
505
495
500
498
504
496
500
495
504
498
503
495
495
497
498
499
495
497
495
503
501
496
502
496
501
502
500
504
501
502
501
496
504
504
500
504
500
498
501
503
501
501
495
496
499
504
496
495
497
495
501
503
504
495
502
503
500
502
501
502
503
502
499
501
499
503
496
498
495
495
495
497
505
501
502
501
497
503
508
503
511
507
510
512
515
514
510
513
511
512
510
516
512
508
504
508
499
503
506
496
499
502
494
500
494
488
472
477
479
495
535
586
613
588
528
486
463
464
459
470
481
497
495
496
504
503
495
502
500
506
506
505
501
504
502
509
513
513
512
519
519
527
531
527
533
535
530
530
538
536
535
534
530
527
519
520
512
514
511
507
507
509
503
505
502
505
497
497
499
495
498
500
501
496
497
504
496
503
498
497
504
497
499
499
499
499
496
502
495
496
498
495
497
498
496
501
495
495
497
504
503
504
502
503
498
501
495
499
499
496
497
500
504
499
496
499
498
497
502
499
503
498
503
504
499
504
499
499
496
501
503
502
496
499
497
504
504
495
496
505
501
496
501
501
504
499
501
509
507
505
516
514
511
515
517
517
512
515
508
507
504
510
500
505
505
499
497
496
500
497
491
486
479
480
475
484
509
548
608
608
568
510
477
460
456
468
479
492
491
499
496
496
496
501
502
501
501
501
500
507
504
505
512
512
511
518
514
523
520
526
526
536
536
531
531
535
530
529
524
527
518
515
522
516
516
505
507
507
507
503
503
504
496
501
504
503
497
497
503
496
497
496
498
504
499
498
504
504
499
499
503
503
503
503
504
499
498
501
499
502
500
502
495
504
503
501
496
497
498
500
495
500
501
496
498
503
500
499
503
500
496
497
499
502
497
500
498
499
498
498
496
497
501
496
500
503
498
500
497
496
504
499
495
503
495
496
496
502
504
505
504
502
506
505
509
506
513
510
515
516
511
519
516
515
511
511
506
508
507
508
507
500
497
496
501
500
493
493
483
477
474
474
493
521
569
613
599
550
496
472
461
457
469
480
490
497
495
502
501
502
500
503
501
504
505
504
508
502
504
511
513
512
519
518
523
531
524
530
537
532
533
537
535
531
529
526
530
525
524
511
515
508
510
506
508
499
500
505
505
498
495
504
500
495
502
495
497
501
501
496
504
500
502
504
502
501
500
495
495
503
499
498
496
504
495
499
504
504
501
495
495
496
499
499
497
502
498
500
496
499
503
503
501
502
504
497
501
499
495
496
503
498
497
502
503
498
500
504
500
497
502
497
499
503
497
502
496
501
503
498
497
505
498
502
504
504
501
499
499
500
503
505
507
508
511
515
509
519
519
509
514
507
512
511
510
504
502
503
499
499
498
503
502
494
487
484
481
474
484
493
536
590
616
585
528
487
470
460
463
473
483
493
500
498
500
500
503
502
504
498
506
499
502
504
503
512
514
517
511
518
523
525
531
532
531
529
535
534
534
537
529
528
532
520
522
519
515
509
508
509
508
502
500
497
505
500
504
496
504
502
496
500
499
502
496
503
498
501
497
495
504
501
499
496
498
495
499
498
497
498
499
504
504
500
499
499
498
496
498
498
503
503
498
499
499
496
501
500
504
498
500
496
498
499
500
502
502
499
498
503
497
500
503
504
498
499
503
502
500
498
495
503
503
495
498
496
496
495
499
495
503
501
505
498
505
505
507
511
509
510
507
517
517
517
518
509
510
509
512
506
512
502
500
508
501
502
505
505
498
498
489
484
479
474
480
485
502
557
603
614
563
511
475
465
460
471
478
489
491
501
499
501
505
496
496
500
497
500
501
507
503
508
505
511
514
512
518
525
525
531
532
527
532
532
536
535
534
529
528
523
527
523
522
515
516
506
510
505
504
499
505
497
498
496
503
496
498
496
503
496
502
497
501
501
502
500
501
501
501
504
495
502
504
503
504
496
498
499
504
501
500
497
495
498
504
503
500
495
496
504
499
503
496
496
499
503
497
497
496
496
495
501
503
498
500
497
498
497
500
496
501
498
500
500
502
499
496
504
496
496
502
497
503
495
496
504
501
502
497
497
498
500
504
510
505
507
509
515
517
517
513
514
516
518
510
506
510
507
508
503
503
502
497
500
504
497
497
490
490
477
479
472
484
518
574
613
601
546
498
471
457
457
472
476
492
493
501
501
499
505
500
501
505
505
506
504
507
502
507
514
515
518
520
519
526
529
532
532
536
530
538
533
532
530
530
529
521
524
514
517
511
510
507
511
507
501
500
497
500
501
497
500
496
504
498
499
496
496
499
503
495
499
497
504
503
501
498
502
500
495
496
498
503
500
497
502
495
502
498
500
497
497
495
500
503
498
498
498
496
504
497
500
495
503
499
497
498
502
503
501
495
499
496
495
504
501
502
502
504
499
502
501
497
504
501
503
501
503
501
500
498
501
495
501
501
497
502
499
507
505
504
508
514
511
508
515
512
512
517
511
508
515
509
506
505
504
502
503
506
502
497
502
503
496
490
486
477
474
480
501
532
592
617
582
533
487
471
461
459
470
488
493
500
494
502
503
503
498
503
496
504
504
505
506
502
507
509
509
511
520
522
525
523
534
536
534
534
537
533
532
529
527
525
522
524
521
517
515
509
511
511
509
501
506
505
501
501
496
505
504
496
496
499
498
498
499
496
496
499
501
500
498
502
499
495
500
497
496
502
497
501
501
496
497
497
502
495
495
497
502
502
501
503
496
504
502
503
495
503
500
496
504
495
498
502
496
499
497
504
496
495
502
496
499
495
499
497
500
499
504
500
495
501
500
496
504
502
498
498
500
501
498
502
501
499
507
508
503
512
514
516
510
510
509
510
516
510
513
515
510
503
503
502
503
501
505
503
502
501
494
496
487
481
474
475
485
503
550
606
616
568
515
481
458
463
467
476
483
498
502
504
498
502
499
496
500
499
505
503
500
503
510
509
508
515
520
523
519
523
525
526
531
538
536
537
535
534
534
524
529
520
525
515
512
514
506
507
503
509
500
505
497
503
502
500
502
500
497
503
500
499
502
497
497
502
496
498
501
497
504
502
500
498
500
502
497
495
498
498
502
503
498
498
495
501
498
504
498
502
502
499
503
500
495
504
500
495
502
501
498
496
499
495
502
498
503
497
503
500
499
499
500
501
496
501
497
495
501
501
501
498
504
504
495
501
502
500
505
497
499
504
500
501
504
503
508
510
511
516
514
511
513
516
514
508
508
504
511
508
503
500
499
502
500
497
503
496
488
486
476
474
482
487
515
569
616
605
546
501
470
465
461
474
484
487
499
502
500
503
503
497
502
497
498
500
506
503
509
505
507
516
515
521
524
522
531
527
535
531
533
537
534
529
536
530
531
528
518
516
521
515
514
513
506
509
506
501
498
506
502
504
501
501
497
495
500
496
501
504
500
503
502
496
498
498
496
495
497
500
497
502
502
497
495
495
498
500
496
500
498
499
501
502
498
498
503
495
497
501
496
501
495
499
496
502
496
499
498
501
497
498
504
499
496
497
496
495
503
501
503
503
499
497
500
504
498
501
504
496
498
498
497
499
501
501
506
500
501
507
501
505
513
508
516
512
517
518
510
511
518
516
516
510
505
504
509
504
499
501
503
505
502
496
494
490
487
475
472
483
499
534
591
613
581
532
489
470
460
462
476
482
497
495
499
495
495
501
500
497
505
504
506
503
500
509
506
509
510
517
518
519
523
526
531
530
530
539
539
530
536
534
528
527
528
524
514
519
508
508
508
506
508
505
504
501
496
503
499
502
500
503
495
498
495
501
497
496
504
496
496
498
498
500
504
501
500
501
504
497
500
499
503
501
499
502
495
499
503
500
498
504
503
498
503
501
497
499
503
501
495
499
497
497
503
495
497
498
499
499
500
504
497
496
502
499
503
500
504
504
497
499
504
496
503
495
498
501
501
501
499
504
500
498
504
507
507
509
511
511
514
515
517
519
515
513
513
516
513
508
508
503
503
501
500
506
497
500
503
504
501
498
486
483
476
478
481
503
549
606
616
568
512
478
465
462
468
475
487
492
499
503
495
504
497
503
497
498
497
506
504
508
507
508
515
516
518
515
520
528
532
533
532
532
529
536
530
531
528
531
523
522
522
516
516
509
508
510
504
502
503
501
500
506
495
496
497
503
502
502
501
501
498
496
502
499
495
503
498
502
503
498
502
502
496
496
501
504
498
496
499
500
496
496
500
500
499
502
499
495
497
499
501
502
496
501
497
497
498
495
500
498
500
496
503
496
498
503
501
501
501
495
504
498
497
500
495
498
502
502
500
500
498
504
500
499
498
504
497
496
501
505
508
509
503
506
511
506
508
511
513
514
513
517
517
509
507
508
507
509
507
498
499
506
496
501
500
495
488
490
477
478
477
488
518
570
617
600
547
495
470
464
465
466
486
490
491
496
499
499
505
498
498
503
501
498
503
501
506
512
508
511
516
520
518
525
531
524
527
536
532
539
535
538
532
530
525
527
525
523
515
511
509
509
506
505
507
498
504
505
501
503
495
500
496
500
502
503
502
497
497
503
502
497
502
502
499
496
497
495
498
503
502
501
499
497
496
500
495
496
497
504
502
500
498
504
504
503
500
501
503
502
501
497
504
495
504
498
500
500
504
497
496
504
496
503
500
503
500
501
496
496
504
500
495
504
495
495
